-6.045057624578475952e-02 -6.953139305114746094e-01 -7.532150298357009888e-02 -1.409308075904846191e+00 2.729879319667816162e-01 -8.344715237617492676e-01 8.390198945999145508e-01 1.200098633766174316e+00 -2.825267612934112549e-01 -1.173413157463073730e+00
-1.357059478759765625e-01 5.818454623222351074e-01 2.644509971141815186e-01 2.197272479534149170e-01 7.555491328239440918e-01 -5.742889642715454102e-01 3.977124691009521484e-01 -1.216774344444274902e+00 -7.592997699975967407e-02 5.058363080024719238e-01
-4.523537158966064453e-01 -2.104817777872085571e-01 -1.039037466049194336e+00 2.739683985710144043e-01 -1.131736263632774353e-01 1.374602913856506348e-01 -9.815983772277832031e-01 2.048402428627014160e-01 -5.801209807395935059e-01 1.104113101959228516e+00
1.592302322387695312e-01 -7.460564970970153809e-01 1.609910577535629272e-01 -8.182022571563720703e-01 5.478019118309020996e-01 -1.654662787914276123e-01 5.209159255027770996e-01 6.938513517379760742e-01 5.071353539824485779e-02 -8.936656713485717773e-01
-6.728545427322387695e-01 -9.496703743934631348e-02 -3.303630650043487549e-01 4.746593832969665527e-01 -9.918923974037170410e-01 2.003430128097534180e-01 -9.707202911376953125e-01 3.306342959403991699e-01 -5.337566733360290527e-01 7.728204727172851562e-01
-3.311739489436149597e-02 -8.422650694847106934e-01 4.940744042396545410e-01 5.419965833425521851e-02 7.225917652249336243e-03 -8.166262507438659668e-02 1.368129253387451172e+00 1.469971895217895508e+00 -4.182026684284210205e-01 -6.899254322052001953e-01
8.539896607398986816e-01 3.121195435523986816e-01 -2.489358782768249512e-01 3.723989725112915039e-01 6.009029746055603027e-01 -2.182359248399734497e-02 1.491117179393768311e-01 -2.807992696762084961e-01 -2.142480015754699707e-01 8.261040449142456055e-01
-7.953990697860717773e-01 -2.329526394605636597e-01 -4.240227043628692627e-01 -1.401412248611450195e+00 8.698735237121582031e-01 -1.127802848815917969e+00 1.176227807998657227e+00 1.086086153984069824e+00 -4.710402190685272217e-01 -7.804293632507324219e-01
-8.818160891532897949e-01 1.332134157419204712e-01 4.523148834705352783e-01 7.657799124717712402e-02 -9.821280837059020996e-01 -2.377987354993820190e-01 -6.386355757713317871e-01 2.732923626899719238e-01 2.090612649917602539e-01 7.483924031257629395e-01
4.571818187832832336e-02 -3.547353744506835938e-01 -3.387795984745025635e-01 -7.893070578575134277e-01 -9.362435340881347656e-02 -3.565535545349121094e-01 6.160497069358825684e-01 7.169862389564514160e-01 -2.928880751132965088e-01 -1.316590666770935059e+00
9.837632067501544952e-03 1.471953839063644409e-01 -9.198762774467468262e-01 8.487528562545776367e-02 -4.100023210048675537e-01 5.253706574440002441e-01 3.036778271198272705e-01 -3.207439482212066650e-01 1.052553892135620117e+00 -1.315899729728698730e+00
2.863618731498718262e-01 -2.012359350919723511e-01 2.522419020533561707e-02 -1.407009601593017578e+00 1.050365328788757324e+00 -8.454696834087371826e-02 6.043090224266052246e-01 1.221709609031677246e+00 -1.344066113233566284e-01 -1.088631868362426758e+00
-4.233549907803535461e-02 2.041948735713958740e-01 -1.685677170753479004e-01 8.273403048515319824e-01 -4.425889849662780762e-01 -5.666360259056091309e-01 -4.986013174057006836e-01 3.766088485717773438e-01 6.417891979217529297e-01 -9.333202242851257324e-02
1.540876030921936035e-01 6.593073010444641113e-01 5.944001078605651855e-01 -1.007427811622619629e+00 -1.047366783022880554e-01 1.122232228517532349e-01 7.348572015762329102e-01 -8.862437605857849121e-01 -3.063641190528869629e-01 7.320955395698547363e-01
-6.787893921136856079e-02 -7.565610408782958984e-01 -4.344475641846656799e-02 -3.457476198673248291e-01 -6.531541347503662109e-01 2.123412340879440308e-01 4.392339587211608887e-01 -2.756839692592620850e-01 4.185689985752105713e-01 -8.229101896286010742e-01
1.446865350008010864e-01 7.639876604080200195e-01 -1.234263181686401367e-01 4.113216996192932129e-01 8.115451931953430176e-01 -1.320598006248474121e+00 3.972599208354949951e-01 -1.366251826286315918e+00 -3.613383173942565918e-01 6.328050494194030762e-01
-8.853695541620254517e-02 3.201236128807067871e-01 -7.394325137138366699e-01 -2.278738282620906830e-02 -2.046118676662445068e-01 7.623084187507629395e-01 -1.493079960346221924e-02 -3.820493221282958984e-01 1.074215769767761230e+00 -1.207061171531677246e+00
-2.249719500541687012e-01 -3.044103085994720459e-01 -2.575872540473937988e-01 -5.004179477691650391e-01 1.354645133018493652e+00 -1.078355088829994202e-01 4.567545652389526367e-01 6.576022505760192871e-01 4.217531532049179077e-02 -4.869418144226074219e-01
1.291535645723342896e-01 -5.004059076309204102e-01 -1.713214218616485596e-01 3.430110216140747070e-01 7.649478912353515625e-01 7.935912907123565674e-02 6.597123742103576660e-01 1.408540159463882446e-01 6.341614127159118652e-01 5.894034504890441895e-01
-1.518547087907791138e-01 -3.848618566989898682e-01 -4.674316942691802979e-01 -3.933174312114715576e-01 -1.272233128547668457e-01 3.452475666999816895e-01 -1.355292320251464844e+00 -4.516883492469787598e-01 -4.714119434356689453e-01 8.788902759552001953e-01
-1.216536760330200195e+00 1.761575639247894287e-01 -3.426594138145446777e-01 6.873891949653625488e-01 -1.260511279106140137e-01 -3.455867767333984375e-01 -3.155304491519927979e-01 -5.753533840179443359e-01 3.513370156288146973e-01 -5.620980262756347656e-01
-5.011074542999267578e-01 3.972816169261932373e-01 -1.026070415973663330e-01 2.438977919518947601e-02 -6.835594177246093750e-01 3.855235874652862549e-01 5.314917489886283875e-02 -7.221750169992446899e-02 3.320344388484954834e-01 -5.894417762756347656e-01
1.767139732837677002e-01 3.594045042991638184e-01 -5.302406549453735352e-01 2.370568662881851196e-01 2.394858449697494507e-01 9.878517687320709229e-02 -6.527983397245407104e-02 -2.643243968486785889e-01 6.708505749702453613e-01 -5.429636240005493164e-01
3.186731934547424316e-01 1.314387321472167969e+00 -9.173494577407836914e-01 2.004658222198486328e+00 3.937386274337768555e-01 -2.840936779975891113e-01 -1.330593824386596680e-01 1.291301846504211426e+00 -2.468106746673583984e+00 -3.519322350621223450e-02
2.010923475027084351e-01 4.669960737228393555e-01 4.693461358547210693e-01 7.370876520872116089e-02 -8.957145214080810547e-01 4.296116232872009277e-01 -2.719330489635467529e-01 5.462734103202819824e-01 7.421848773956298828e-01 8.528049290180206299e-02
-7.951512932777404785e-01 1.325293630361557007e-01 -4.982778802514076233e-02 6.243999004364013672e-01 -4.657772779464721680e-01 -2.880429029464721680e-01 -6.497069597244262695e-01 1.346522122621536255e-01 9.071747213602066040e-02 9.538933634757995605e-01
-5.050007104873657227e-01 -1.515295058488845825e-01 -1.473528444766998291e-01 5.579769611358642578e-01 -4.247220158576965332e-01 -2.678949832916259766e-01 -4.290228784084320068e-01 3.545114398002624512e-01 4.265355318784713745e-02 8.143938183784484863e-01
-2.804799079895019531e-01 1.135843276977539062e+00 3.451947569847106934e-01 1.750304996967315674e-01 7.324318885803222656e-01 -1.417783379554748535e+00 2.363538555800914764e-02 -5.830302238464355469e-01 -3.910131156444549561e-01 2.791960537433624268e-01
1.774255037307739258e-01 7.778290510177612305e-01 3.086901009082794189e-01 2.015747502446174622e-02 9.802046418190002441e-01 -5.858345627784729004e-01 -5.402046814560890198e-02 -1.184872627258300781e+00 1.363105177879333496e-01 7.669321298599243164e-01
-6.193016767501831055e-01 -6.530188918113708496e-01 -6.873245835304260254e-01 -6.411547213792800903e-02 -5.292692780494689941e-01 7.263063788414001465e-01 -1.196232795715332031e+00 -4.593494832515716553e-01 -1.073302865028381348e+00 6.007306575775146484e-01
-9.571273624897003174e-02 -5.969594717025756836e-01 -4.738426208496093750e-01 5.669921636581420898e-01 -6.594513654708862305e-01 9.733666777610778809e-01 -8.363615870475769043e-01 -2.162450850009918213e-01 -1.048984646797180176e+00 8.637105226516723633e-01
6.695094108581542969e-01 -7.975192070007324219e-01 1.838187724351882935e-01 -1.627135753631591797e+00 -2.447523921728134155e-01 -9.970541000366210938e-01 2.566147148609161377e-01 1.255594134330749512e+00 -3.899693191051483154e-01 -1.047162771224975586e+00
2.603294551372528076e-01 8.607005476951599121e-01 5.897044539451599121e-01 -2.006861567497253418e-02 -5.382090210914611816e-01 -1.653764098882675171e-01 7.808519899845123291e-02 5.389689207077026367e-01 1.119659841060638428e-02 -2.789057418704032898e-02
-4.349328875541687012e-01 9.456168860197067261e-02 -1.269698262214660645e+00 7.069479823112487793e-01 -1.067958950996398926e+00 -6.826409101486206055e-01 8.869752287864685059e-01 -2.508948445320129395e-01 7.128506302833557129e-01 -9.965667128562927246e-01
-9.267946332693099976e-02 -4.458974003791809082e-01 -7.681928277015686035e-01 -7.795693278312683105e-01 -4.433312118053436279e-01 -2.451899461448192596e-02 -4.148164764046669006e-02 -5.157756209373474121e-01 5.680025815963745117e-01 -2.568253278732299805e-01
-6.992993354797363281e-01 -5.623370409011840820e-02 7.818726301193237305e-01 5.102798342704772949e-01 5.836791396141052246e-01 5.740435719490051270e-01 8.442430943250656128e-02 -1.722978800535202026e-02 3.936682045459747314e-01 -1.932642310857772827e-01
7.304638028144836426e-01 -8.880772590637207031e-01 -3.096797168254852295e-01 1.132565379142761230e+00 -5.094715952873229980e-01 6.282261013984680176e-01 -7.508454322814941406e-01 2.813987135887145996e-01 -1.425369620323181152e+00 9.641970992088317871e-01
7.253573536872863770e-01 2.609389126300811768e-01 3.792683780193328857e-01 2.323609218001365662e-02 6.518175601959228516e-01 -7.082340717315673828e-01 3.214847147464752197e-01 -1.193015098571777344e+00 -1.888999044895172119e-01 3.823814392089843750e-01
-1.563306152820587158e-01 6.228896975517272949e-01 -9.575837254524230957e-01 2.106808423995971680e-01 1.967066228389739990e-01 2.316242456436157227e-01 -4.186092317104339600e-01 -1.894252449274063110e-01 1.035893082618713379e+00 -1.262380123138427734e+00
-4.246479570865631104e-01 8.439519256353378296e-02 1.884976476430892944e-01 3.402248024940490723e-01 -1.955724805593490601e-01 -3.258423209190368652e-01 -2.948238849639892578e-01 -1.585318148136138916e-02 -1.620977818965911865e-01 -5.370755121111869812e-02
-5.317872762680053711e-01 -2.364159673452377319e-01 -1.975679844617843628e-01 -1.253160834312438965e+00 1.038285851478576660e+00 -7.345988750457763672e-01 8.960721492767333984e-01 1.110008358955383301e+00 -3.180454671382904053e-01 -7.598748207092285156e-01
-3.494608104228973389e-01 1.202353015542030334e-01 -5.765777230262756348e-01 -1.021362304687500000e+00 1.055412411689758301e+00 -6.274607777595520020e-01 4.666583240032196045e-01 1.323092460632324219e+00 -2.064277529716491699e-01 -3.004343211650848389e-01
-7.021753787994384766e-01 9.653563499450683594e-01 7.532128095626831055e-01 -1.105684041976928711e+00 -9.222846627235412598e-01 1.037520408630371094e+00 9.982982277870178223e-01 -5.426874160766601562e-01 3.316711187362670898e-01 -1.049298882484436035e+00
-8.958458900451660156e-01 -8.348353505134582520e-01 2.840673923492431641e-02 -1.406625628471374512e+00 6.030789017677307129e-01 -3.635513484477996826e-01 2.947087585926055908e-01 1.506696343421936035e+00 -2.626388370990753174e-01 -1.034044027328491211e+00
-3.306613266468048096e-01 5.867065191268920898e-01 7.580904662609100342e-02 3.379378914833068848e-01 -1.706338077783584595e-01 6.699792146682739258e-01 7.531144022941589355e-01 3.830027878284454346e-01 2.605122923851013184e-01 -3.369463235139846802e-02
-1.805270016193389893e-01 4.387559592723846436e-01 -6.347682476043701172e-01 4.572442267090082169e-03 -4.049205482006072998e-01 4.462577998638153076e-01 3.593652248382568359e-01 6.150641664862632751e-02 7.288854122161865234e-01 -1.003803133964538574e+00
-3.040403127670288086e-01 -8.879065513610839844e-02 -7.326328754425048828e-02 2.275878936052322388e-01 -2.956694066524505615e-01 3.591873943805694580e-01 1.300147324800491333e-01 -1.972787529230117798e-01 6.570610404014587402e-01 -7.357493638992309570e-01
-1.056800246238708496e+00 -4.783526062965393066e-01 -2.427983880043029785e-01 -6.019767522811889648e-01 4.561178386211395264e-01 -2.981698513031005859e-01 1.701774358749389648e+00 5.242774486541748047e-01 -1.292379200458526611e-01 -1.017114967107772827e-01
-2.659740149974822998e-01 4.537155628204345703e-01 -1.035838246345520020e+00 7.212453335523605347e-02 -3.340444266796112061e-01 2.186360210180282593e-02 5.223160386085510254e-01 -1.814894974231719971e-01 7.907660007476806641e-01 -1.139479517936706543e+00
-1.617341488599777222e-01 4.187471270561218262e-01 1.211011633276939392e-01 4.386393427848815918e-01 -6.999275684356689453e-01 -5.367262638173997402e-04 -1.737103164196014404e-01 2.517057657241821289e-01 -2.913191020488739014e-01 5.441607832908630371e-01
4.110229015350341797e-01 4.574090242385864258e-01 1.399949640035629272e-01 -2.779485583305358887e-01 4.268485307693481445e-01 -2.010265886783599854e-01 -1.882966607809066772e-01 -5.446135401725769043e-01 -3.020628690719604492e-01 9.112187623977661133e-01
-5.903367400169372559e-01 -1.264075636863708496e-01 3.677794635295867920e-01 -2.158177495002746582e-01 -9.521620720624923706e-02 4.929580390453338623e-01 -2.083265483379364014e-01 3.733154237270355225e-01 7.400190234184265137e-01 -4.095846116542816162e-01
-2.321597486734390259e-01 2.146767675876617432e-01 -1.643167138099670410e-01 -3.348284363746643066e-01 -1.214701011776924133e-01 -2.976302206516265869e-01 -7.531269192695617676e-01 -4.877420663833618164e-01 -2.190727591514587402e-01 2.176166139543056488e-02
-2.320348173379898071e-01 -7.433740049600601196e-02 9.501183032989501953e-02 -5.738846063613891602e-01 1.209251880645751953e+00 7.265006750822067261e-02 6.203781962394714355e-01 1.341241240501403809e+00 -6.604211926460266113e-01 -6.047717928886413574e-01
-2.636337876319885254e-01 -8.061088919639587402e-01 1.401307582855224609e+00 -7.388311028480529785e-01 -3.095149993896484375e-01 -9.876422882080078125e-01 -1.136925578117370605e+00 -1.446151971817016602e+00 5.054873228073120117e-01 -7.000439167022705078e-01
8.318943977355957031e-01 -6.446290612220764160e-01 3.187427818775177002e-01 -3.300111889839172363e-01 -1.548034697771072388e-01 4.521954655647277832e-01 2.764023840427398682e-01 6.965189576148986816e-01 2.870915830135345459e-01 -4.904864132404327393e-01
3.280482292175292969e-01 6.411575675010681152e-01 9.995481967926025391e-01 2.657934725284576416e-01 5.459302067756652832e-01 -5.108975172042846680e-01 6.125827431678771973e-01 -1.169547200202941895e+00 -6.602408289909362793e-01 3.243169188499450684e-01
-9.576806426048278809e-01 -5.756312012672424316e-01 2.266413122415542603e-01 7.446383833885192871e-01 -5.915395617485046387e-01 4.308279156684875488e-01 -1.282951384782791138e-01 1.255108267068862915e-01 -3.520100116729736328e-01 2.491287291049957275e-01
-2.842711508274078369e-01 3.933165594935417175e-02 -1.278911232948303223e-01 -3.784953057765960693e-01 -6.805810332298278809e-02 5.759508013725280762e-01 -1.787758320569992065e-01 -1.263994071632623672e-02 6.617870330810546875e-01 -1.018322706222534180e+00
-3.963718712329864502e-01 9.098929166793823242e-01 8.830679655075073242e-01 -5.295994281768798828e-01 1.719801783561706543e+00 3.807438910007476807e-01 -4.149246215820312500e-01 6.193314790725708008e-01 2.171629667282104492e-01 -3.511565923690795898e-01
3.350224792957305908e-01 6.971083879470825195e-01 -1.661853641271591187e-01 5.416254997253417969e-01 2.894915640354156494e-01 7.051753997802734375e-01 2.212751805782318115e-01 2.563160061836242676e-01 2.759090363979339600e-01 -7.698336243629455566e-01
6.593949198722839355e-01 3.614402711391448975e-01 -1.074760317802429199e+00 -4.072075784206390381e-01 5.381649732589721680e-01 -9.853912517428398132e-03 -1.801668107509613037e-01 7.562028169631958008e-01 -4.788808226585388184e-01 3.266043663024902344e-01
-2.181563079357147217e-01 -7.098029255867004395e-01 2.365475744009017944e-01 -6.780158281326293945e-01 4.917386174201965332e-01 -1.686896830797195435e-01 7.151411771774291992e-01 7.612003684043884277e-01 -2.481157481670379639e-01 -6.589108705520629883e-01
-7.666798233985900879e-01 -6.807765364646911621e-02 -1.447700709104537964e-01 9.677612781524658203e-01 -6.982650756835937500e-01 9.362735152244567871e-01 2.371986359357833862e-01 3.184921145439147949e-01 -1.173433661460876465e+00 1.028024315834045410e+00
-2.379952818155288696e-01 -1.508220583200454712e-01 9.680628031492233276e-02 4.664982259273529053e-01 -3.658208250999450684e-01 -4.918108582496643066e-01 -4.147930741310119629e-01 -3.399306833744049072e-01 -4.962695762515068054e-02 8.995212614536285400e-02
5.366464257240295410e-01 -4.666440933942794800e-02 -3.761733174324035645e-01 5.657527446746826172e-01 -7.425624132156372070e-01 6.733021140098571777e-01 -6.537917852401733398e-01 6.112935543060302734e-01 -2.091588497161865234e+00 5.457146167755126953e-01
6.296801567077636719e-01 -7.686885595321655273e-01 5.757565498352050781e-01 -8.624320626258850098e-01 1.025981664657592773e+00 3.419132530689239502e-01 4.665958285331726074e-01 1.109498858451843262e+00 1.436533182859420776e-01 -1.955239176750183105e-01
-1.577241063117980957e+00 -5.088400840759277344e-01 2.990632057189941406e-01 -1.320354342460632324e-01 -4.964148700237274170e-01 4.361150562763214111e-01 -4.872523248195648193e-02 -3.207357823848724365e-01 -3.946426808834075928e-01 5.981005430221557617e-01
2.050378620624542236e-01 4.114678204059600830e-01 5.937804579734802246e-01 2.618554830551147461e-01 8.055671453475952148e-01 -2.347908541560173035e-02 4.983398318290710449e-01 -6.286962628364562988e-01 -1.084142178297042847e-01 7.363284826278686523e-01
-2.576228044927120209e-02 -5.833861827850341797e-01 5.055844783782958984e-01 -6.262429356575012207e-01 7.769703269004821777e-01 5.930481851100921631e-02 4.496188759803771973e-01 8.654977083206176758e-01 4.269610941410064697e-01 -5.522942543029785156e-01
1.614260375499725342e-01 6.530268788337707520e-01 -7.559189796447753906e-01 -1.328450143337249756e-01 -1.846294850111007690e-01 -2.310814261436462402e-01 6.344300508499145508e-01 1.778127551078796387e-01 1.949806362390518188e-01 1.563976645469665527e+00
-2.537148892879486084e-01 -8.527615070343017578e-01 1.395787298679351807e-01 -8.936348557472229004e-01 2.477857470512390137e-01 -4.984711483120918274e-02 6.474609971046447754e-01 4.500545859336853027e-01 3.851355016231536865e-01 -8.328727483749389648e-01
7.492423057556152344e-01 -1.230615656822919846e-02 -1.140052914619445801e+00 -3.892694115638732910e-01 1.812187582254409790e-01 6.285961270332336426e-01 4.204696416854858398e-01 8.299260139465332031e-01 -3.663012385368347168e-02 -1.427875399589538574e+00
-7.714133709669113159e-02 6.001867055892944336e-01 -2.843895256519317627e-01 1.991116255521774292e-01 -7.584003806114196777e-01 8.741986155509948730e-01 4.482057988643646240e-01 -1.266919821500778198e-01 3.632993996143341064e-01 -9.339259266853332520e-01
-2.233379930257797241e-01 -3.404982388019561768e-01 -1.163105443120002747e-01 -5.919768810272216797e-01 -1.235390424728393555e+00 -3.884497582912445068e-01 1.715261936187744141e-01 -8.720482587814331055e-01 -1.777268499135971069e-01 -4.268340766429901123e-02
-3.464675545692443848e-01 2.446433007717132568e-01 -3.143771588802337646e-01 1.396924257278442383e-01 -6.161618232727050781e-01 5.628215074539184570e-01 3.281053304672241211e-01 -1.772264391183853149e-01 9.004688262939453125e-01 -1.427368640899658203e+00
2.775187976658344269e-02 -1.398232579231262207e+00 4.900495707988739014e-02 -1.354367852210998535e+00 3.988302648067474365e-01 -7.457013726234436035e-01 1.842825859785079956e-01 9.058670699596405029e-02 -7.107083499431610107e-02 -6.731696724891662598e-01
2.298967242240905762e-01 4.230565577745437622e-02 1.016461253166198730e+00 3.325940668582916260e-01 6.226813793182373047e-01 -4.659041389822959900e-02 6.586769968271255493e-02 -8.788841366767883301e-01 -6.707393527030944824e-01 2.213009297847747803e-01
1.167519018054008484e-01 -4.445812702178955078e-01 -7.727876305580139160e-01 1.024471819400787354e-01 -1.115507483482360840e+00 -1.856603473424911499e-02 2.412855476140975952e-01 6.881531327962875366e-02 -1.878060251474380493e-01 1.170865893363952637e+00
3.903003931045532227e-01 -6.923899054527282715e-01 -7.137021049857139587e-03 -3.028106316924095154e-02 -6.079217791557312012e-02 -2.213256657123565674e-01 1.127364933490753174e-01 -2.007867842912673950e-01 -1.050830334424972534e-01 -1.017847776412963867e+00
7.406889647245407104e-02 -7.912150025367736816e-02 2.260298132896423340e-01 -1.048207640647888184e+00 9.423029422760009766e-01 3.904956281185150146e-01 5.509611964225769043e-01 6.875200569629669189e-02 -1.623498350381851196e-01 -3.942345976829528809e-01
6.327087879180908203e-01 1.139664888381958008e+00 -6.068926453590393066e-01 8.506708145141601562e-01 4.550777673721313477e-01 -2.613887190818786621e-01 -3.546338677406311035e-01 1.636908173561096191e+00 -4.316642880439758301e-01 -1.499143362045288086e+00
4.993850290775299072e-01 3.190923631191253662e-01 -4.169194400310516357e-01 -1.775023788213729858e-01 1.883529275655746460e-01 2.096409052610397339e-01 -5.435436367988586426e-01 -1.005134582519531250e-01 -2.434754073619842529e-01 1.012169003486633301e+00
2.495184689760208130e-01 3.373873531818389893e-01 -9.240486621856689453e-01 -1.361813098192214966e-01 -7.697580754756927490e-02 2.474876791238784790e-01 -6.485780477523803711e-01 8.053138107061386108e-02 -7.662042379379272461e-01 7.908322215080261230e-01
2.393543422222137451e-01 -2.981118559837341309e-01 -3.070496916770935059e-01 -4.218139350414276123e-01 -1.645474731922149658e-01 9.230076670646667480e-01 -5.291863679885864258e-01 -5.525002479553222656e-01 -8.196001648902893066e-01 1.029312968254089355e+00
1.308041661977767944e-01 -1.220482364296913147e-01 9.037453681230545044e-02 -1.650228351354598999e-02 -5.416011810302734375e-01 -1.605571508407592773e-01 -7.576612234115600586e-01 5.977032184600830078e-01 7.315049767494201660e-01 9.059052467346191406e-01
1.417880952358245850e-01 -2.301339209079742432e-01 -3.426384627819061279e-01 6.932567954063415527e-01 -7.206266522407531738e-01 -1.649873703718185425e-01 -6.230728030204772949e-01 4.812371432781219482e-01 -2.203656584024429321e-01 9.013816118240356445e-01
8.699955046176910400e-02 1.291105598211288452e-01 -3.657097369432449341e-02 1.735657602548599243e-01 7.915880680084228516e-01 1.641416922211647034e-02 -9.434408545494079590e-01 -2.550973594188690186e-01 -2.873683571815490723e-01 8.556358218193054199e-01
7.943355441093444824e-01 -7.369983792304992676e-01 2.975115478038787842e-01 -1.294840693473815918e+00 8.306341767311096191e-01 3.379757702350616455e-01 -1.614476740360260010e-02 4.762691557407379150e-01 -2.151952087879180908e-01 -1.218161344528198242e+00
1.312478035688400269e-01 -1.071158528327941895e+00 -1.094414710998535156e+00 4.341509938240051270e-01 -1.586965680122375488e+00 -3.172901272773742676e-01 1.868018209934234619e-01 -1.586009860038757324e-01 -1.498840451240539551e+00 4.737616777420043945e-01
8.835240006446838379e-01 1.095305442810058594e+00 1.273182630538940430e-01 -3.824447095394134521e-01 -1.149573922157287598e+00 1.199185401201248169e-01 -3.953783512115478516e-01 6.979112625122070312e-01 -1.226000070571899414e+00 1.835255622863769531e-01
7.909995913505554199e-01 -1.926400214433670044e-01 1.565521806478500366e-01 -2.490071058273315430e-01 -1.088739395141601562e+00 1.787752360105514526e-01 5.566138625144958496e-01 4.247609972953796387e-01 4.353420734405517578e-01 -6.734169125556945801e-01
-1.805628836154937744e-01 -8.388465642929077148e-01 5.283730104565620422e-02 -1.389368414878845215e+00 8.442807197570800781e-01 3.070399537682533264e-02 5.371716022491455078e-01 8.232145905494689941e-01 -1.221223324537277222e-01 -8.825367093086242676e-01
-7.850760221481323242e-01 3.230058252811431885e-01 3.383074998855590820e-01 -1.374567389488220215e+00 -2.825239598751068115e-01 -1.586718112230300903e-01 6.166245341300964355e-01 7.403085827827453613e-01 8.644424080848693848e-01 -9.078696966171264648e-01
-5.902069211006164551e-01 -3.878540098667144775e-01 -2.186344712972640991e-01 -1.565914750099182129e+00 5.274148583412170410e-01 -5.392102003097534180e-01 7.580028176307678223e-01 1.282977938652038574e+00 -3.400277495384216309e-01 -6.859697103500366211e-01
-1.723896414041519165e-01 9.324842095375061035e-01 1.373116612434387207e+00 5.667399168014526367e-01 8.596180677413940430e-01 -6.657518148422241211e-01 1.743788570165634155e-01 -1.277099609375000000e+00 -6.814611554145812988e-01 2.188696265220642090e-01
-3.855339065194129944e-02 4.462342858314514160e-01 -2.776242494583129883e-01 1.959078311920166016e-01 2.249532341957092285e-01 5.602897405624389648e-01 8.290542364120483398e-01 -1.703350245952606201e-01 3.769027292728424072e-01 -6.147427558898925781e-01
2.510513067245483398e-01 5.776200294494628906e-01 7.955203056335449219e-01 -2.350739985704421997e-01 1.677383035421371460e-01 1.608195304870605469e-01 -1.402736362069845200e-02 -4.575712978839874268e-01 -1.021045166999101639e-02 -2.321420460939407349e-01
-1.190007209777832031e+00 -1.065427362918853760e-01 9.742296338081359863e-01 -3.437744379043579102e-01 8.916598558425903320e-01 5.196722745895385742e-01 4.371724128723144531e-01 -2.443224191665649414e-01 6.683354973793029785e-01 1.663478314876556396e-01
9.761721491813659668e-01 3.822433352470397949e-01 1.185388118028640747e-02 -5.745406746864318848e-01 3.725948557257652283e-02 2.033571451902389526e-01 3.926032483577728271e-01 -1.302311867475509644e-01 6.018613576889038086e-01 1.618897557258605957e+00
2.372569739818572998e-01 8.342801034450531006e-02 8.002647757530212402e-01 -2.606913149356842041e-01 -1.625160098075866699e+00 -1.923944801092147827e-01 -4.603070318698883057e-01 6.026529669761657715e-01 5.445508360862731934e-01 8.077325224876403809e-01
2.936896085739135742e-01 1.881298273801803589e-01 4.802806973457336426e-01 2.779956348240375519e-02 4.963492453098297119e-01 -4.396564662456512451e-01 4.808986485004425049e-01 -1.094354867935180664e+00 -9.631586074829101562e-02 6.443000435829162598e-01
3.126382231712341309e-01 1.297685950994491577e-01 -3.703713119029998779e-01 -2.501380145549774170e-01 -4.423891901969909668e-01 2.924146056175231934e-01 -4.852198064327239990e-01 -3.013123571872711182e-01 -2.925300002098083496e-01 8.697782158851623535e-01
2.595256865024566650e-01 6.446067094802856445e-01 2.218445241451263428e-01 2.889797389507293701e-01 1.070301890373229980e+00 -7.620596289634704590e-01 2.725209891796112061e-01 -1.008581161499023438e+00 -3.411281108856201172e-01 3.546459078788757324e-01
-3.242608904838562012e-01 -1.580557942390441895e+00 9.416142851114273071e-02 1.743546575307846069e-01 -1.073927640914916992e+00 -4.125257954001426697e-02 -1.793830096721649170e-01 6.281088590621948242e-01 1.510315090417861938e-01 1.363451361656188965e+00
-2.337782233953475952e-01 3.525682091712951660e-01 -2.465729266405105591e-01 1.802458800375461578e-02 3.865640461444854736e-01 6.125519871711730957e-01 2.860056161880493164e-01 2.213900536298751831e-01 3.642230629920959473e-01 -7.534317374229431152e-01
1.075430035591125488e+00 3.353293240070343018e-01 3.199625313282012939e-01 1.225636452436447144e-01 -2.824169695377349854e-01 3.200953900814056396e-01 3.268072605133056641e-01 8.378305286169052124e-02 4.807821214199066162e-01 1.575622439384460449e+00
7.508282065391540527e-01 -3.154355287551879883e-01 6.486014127731323242e-01 5.088876485824584961e-01 7.933614850044250488e-01 -9.617332220077514648e-01 1.659046411514282227e-01 -9.334667325019836426e-01 1.858582347631454468e-01 -4.986646771430969238e-02
-2.181377261877059937e-01 -9.892823696136474609e-01 1.019833832979202271e-01 -1.748131752014160156e+00 6.962125897407531738e-01 -1.549614872783422470e-02 1.003462076187133789e+00 5.464230775833129883e-01 -4.803755134344100952e-02 -9.111440777778625488e-01
1.161069050431251526e-02 1.733576357364654541e-01 2.863893210887908936e-01 5.850405991077423096e-02 -3.232432603836059570e-01 8.184684514999389648e-01 -5.265454053878784180e-01 6.868020445108413696e-02 2.138465940952301025e-01 7.831661105155944824e-01
-9.468974918127059937e-02 1.408874988555908203e-01 -8.672066926956176758e-01 4.290436506271362305e-01 -7.042639255523681641e-01 1.156165450811386108e-01 -6.780416369438171387e-01 1.691925376653671265e-01 -7.346782088279724121e-01 9.006515741348266602e-01
4.448364973068237305e-01 -4.067738056182861328e-01 -4.598496556282043457e-01 5.392274856567382812e-01 -5.749261975288391113e-01 1.480147093534469604e-01 -6.515280604362487793e-01 1.242361962795257568e-01 -3.440649807453155518e-01 7.943662405014038086e-01
-4.021000266075134277e-01 -5.272364616394042969e-01 -1.253794789314270020e+00 -1.693842411041259766e+00 5.925292614847421646e-03 -1.666790992021560669e-01 8.700894564390182495e-02 9.726684093475341797e-01 -7.986504435539245605e-01 -1.370821475982666016e+00
1.252695620059967041e-01 -1.619367301464080811e-01 2.278740853071212769e-01 -3.151826858520507812e-01 3.212061524391174316e-01 2.038290202617645264e-01 2.686164975166320801e-01 3.906164765357971191e-01 2.124577313661575317e-01 -8.201735019683837891e-01
6.825187206268310547e-01 5.084589719772338867e-01 -8.506757616996765137e-01 -7.733968645334243774e-02 1.528713665902614594e-02 -9.790292978286743164e-01 1.304409950971603394e-01 9.519848227500915527e-01 -7.585356831550598145e-01 8.018449693918228149e-02
7.217257618904113770e-01 -6.388561725616455078e-01 -7.801188230514526367e-01 7.773725390434265137e-01 -4.029514789581298828e-01 -9.574037194252014160e-01 -6.870966553688049316e-01 -1.433465480804443359e-01 -1.878997921943664551e+00 -2.666971683502197266e-01
1.087379693984985352e+00 -1.661312282085418701e-01 1.690223366022109985e-01 4.168395996093750000e-01 2.003917217254638672e+00 1.007638573646545410e+00 9.094402194023132324e-01 1.085639119148254395e+00 3.575958013534545898e-01 -3.643245995044708252e-01
8.343672752380371094e-01 -5.086393356323242188e-01 -1.171256229281425476e-01 6.767861247062683105e-01 7.852584719657897949e-01 1.124349594116210938e+00 -1.090151071548461914e+00 -1.962039321660995483e-01 -3.771732375025749207e-02 7.560268044471740723e-01
9.207072257995605469e-01 -3.186976313591003418e-01 3.250636458396911621e-01 3.513518273830413818e-01 -6.031966805458068848e-01 -8.190371096134185791e-02 -6.157807707786560059e-01 3.771208822727203369e-01 4.715971052646636963e-01 8.485739231109619141e-01
2.859015464782714844e-01 5.623224377632141113e-01 8.387109637260437012e-01 -1.179123744368553162e-01 5.993598699569702148e-01 3.555097579956054688e-01 -1.507601886987686157e-01 3.231892595067620277e-03 -1.418399661779403687e-01 3.520359992980957031e-01
6.391115784645080566e-01 -1.795308291912078857e-01 -6.114773452281951904e-02 -8.728662133216857910e-02 -9.025411009788513184e-01 -1.910682767629623413e-01 -1.063067317008972168e+00 2.859866917133331299e-01 -1.661259382963180542e-01 5.812191367149353027e-01
-6.218799948692321777e-02 4.581071138381958008e-01 -1.835952639579772949e+00 4.524229168891906738e-01 5.675850510597229004e-01 -3.865115940570831299e-01 9.492030739784240723e-01 2.054533176124095917e-02 -8.061080574989318848e-01 9.033460617065429688e-01
-2.101485967636108398e+00 1.665063858032226562e+00 -2.715121507644653320e+00 1.809781908988952637e+00 -7.907226085662841797e-01 -6.642547845840454102e-01 3.951383829116821289e-01 -1.652711510658264160e+00 1.062461361289024353e-01 -1.303905129432678223e+00
9.353125691413879395e-01 5.737151503562927246e-01 -1.571266502141952515e-01 -3.707226738333702087e-02 3.336062729358673096e-01 6.717658042907714844e-01 -7.702999711036682129e-01 -1.591848492622375488e+00 -1.342572718858718872e-01 2.748368978500366211e-01
2.875698804855346680e-01 9.894003868103027344e-01 -1.040565729141235352e+00 1.396145820617675781e+00 -9.526820182800292969e-01 1.593950033187866211e+00 5.484064817428588867e-01 2.292633771896362305e+00 7.614445090293884277e-01 -2.416895866394042969e+00
1.714859127998352051e+00 4.228761196136474609e-01 -1.472946643829345703e+00 -3.555389940738677979e-01 -2.834236919879913330e-01 1.543771028518676758e-01 1.527720928192138672e+00 7.463365197181701660e-01 -1.444360017776489258e+00 -5.694064777344465256e-03
-5.159597992897033691e-01 -1.812748908996582031e+00 -1.449100852012634277e+00 -9.976571798324584961e-01 3.503054976463317871e-01 4.270149469375610352e-01 -9.893110394477844238e-01 1.529135555028915405e-01 -6.107100248336791992e-01 3.153399378061294556e-02
1.002002120018005371e+00 -1.463212370872497559e-01 -2.587996125221252441e-01 -1.218904137611389160e+00 4.189687073230743408e-01 2.546390518546104431e-02 -1.226382613182067871e+00 -2.645833790302276611e-01 -2.624526023864746094e+00 1.116801276803016663e-01
1.045777648687362671e-01 2.995102703571319580e-01 4.419904947280883789e-01 4.172270298004150391e-01 9.947063326835632324e-01 -3.265867233276367188e-01 -2.233474105596542358e-01 -6.827687621116638184e-01 7.121447473764419556e-02 3.811026364564895630e-02
